
       CODE NAME                           MUNICIPALITY                   PR       LAT       LON  ELEV  CLA FIRSTDAY LASTDAY   O3  PM  N2  NO  NX  S2  CO  BZ  P2 MOB     
----------- ------------------------------ ------------------------------ -- --------- --------- ----- ---- -------- -------- --- --- --- --- --- --- --- --- --- ---     
    2000001 SPALATO                        PARMA                          PR  44.80000  10.31999    55  000 19900101 20030101  00  01  01  01  01  01  01  01  00  00     
    2000003 CITTADELLA                     PARMA                          PR  44.79242  10.33099    60  031 19930501 -999      01  01  01  01  01  00  00  00  01  00     
    2000004 MONTEBELLO                     PARMA                          PR  44.78664  10.33648    55  011 19980401 -999      00  01  01  01  01  00  01  01  00  00     
    2000005 MARZABOTTO                     FIDENZA                        PR  44.86000  10.06000    75  011 19950623 20080128  00  00  01  01  01  00  01  00  00  00     
    2000006 MAZZINI                        FIDENZA                        PR  44.87000  10.06000    75  011 19950623 20080302  00  00  01  01  01  00  01  00  00  00     
    2000007 MILAZZO                        PARMA                          PR  44.80000  10.32000    55  011 19980701 20080128  00  00  01  01  01  00  00  00  00  00     
    2000008 VITTORIA                       PARMA                          PR  44.80238  10.31440    55  011 20040101 20070102  00  01  01  01  01  01  01  01  00  00     
    2000171 TEST                           ROCCABIANCA                    PR  45.01120  10.22152 -9999  000 20071112 20080101  00  01  01  00  01  00  01  00  00  00     
    2000214 BADIA                          LANGHIRANO                     PR  44.65823  10.28937   202  033 20080129 -999      01  01  01  01  01  00  00  00  01  00     
    2000215 LEOPARDI                       FIDENZA                        PR  44.86333  10.05024    75  011 20080129 20080220  00  01  01  01  01  00  01  00  00  00     
    2000219 SARAGAT                        COLORNO                        PR  44.92596  10.37191    30  012 20080302 -999      01  01  01  01  01  00  01  00  01  00     
    2000222 UM-PR-02                       SOLIGNANO                      PR  44.61267   9.97734 -9999  000 20060201 -999      00  01  00  00  00  00  00  00  01  01     
    2000223 UM-PR-01                       PARMA                          PR  44.79242  10.33099    60  000 20030107 -999      00  01  00  00  00  00  00  00  01  01     
    2000224 LM-PR                          SOLIGNANO                      PR -99.99999 -99.99999 -9999  000 19800101 -999      01  01  01  01  01  01  01  01  00  01     
    2000228 SUPERSITO CITTADELLA           PARMA                          PR  44.79242  10.33099    60  031 20110706 20161231  00  00  00  00  00  00  00  00  01  00     
    2000229 MALCANTONE                     MEZZANI                        PR  44.89093  10.39961    25  003 20130121 -999      00  01  01  01  01  00  00  00  01  00     
    2000230 BOGOLESE                       SORBOLO                        PR  44.82915  10.39154    35  002 20130206 -999      00  01  01  01  01  00  00  00  01  00     
    2000231 LM-PR-PAIP                     SORBOLO                        PR  44.84982  10.44876 -9999  000 20130124 -999      00  01  01  01  01  01  00  01  01  01     
    2000232 PARADIGNA                      PARMA                          PR  44.84128  10.34457    40  002 20130404 -999      00  01  01  01  01  00  00  01  01  00     
    2000234 UM-PR-03                       PARMA                          PR -99.99999 -99.99999 -9999  000 20190527 -999      00  01  00  00  00  00  00  00  01  01     
    2000235 UM-PR-04                       PARMA                          PR -99.99999 -99.99999 -9999  000 20190527 -999      00  01  00  00  00  00  00  00  01  01     
    3000001 CASTELLARANO                   CASTELLARANO                   RE  44.51624  10.73391   150  002 19931126 -999      01  01  01  01  01  00  01  00  01  00     
    3000002 SANT'ANTONINO                  CASALGRANDE                    RE  44.56000  10.76000   105  021 19900101 20080218  01  00  01  01  01  01  01  00  00  00     
    3000003 MASSENZATICO                   REGGIO NELL'EMILIA             RE  44.73000  10.70000 -9999  032 19880307 20060330  01  00  01  01  01  00  01  00  00  00     
    3000004 RISORGIMENTO                   REGGIO NELL'EMILIA             RE  44.68303  10.62829    55  011 19980213 20060104  00  01  01  01  01  01  01  00  00  00     
    3000005 ORTOLANE                       REGGIO NELL'EMILIA             RE  44.71000  10.65000 -9999  011 19931012 20060608  00  00  01  01  01  01  01  00  00  00     
    3000006 TIMAVO (OLD)                   REGGIO NELL'EMILIA             RE  44.69787  10.62443    55  011 19890331 20010313  00  01  01  01  01  00  01  01  00  00     
    3000007 S. LAZZARO                     REGGIO NELL'EMILIA             RE  44.68904  10.66359    55  031 19940124 -999      01  01  01  01  01  01  01  00  01  00     
    3000008 XX SETTEMBRE                   REGGIO NELL'EMILIA             RE  44.71000  10.62000 -9999  011 19931207 20070930  00  00  01  01  01  00  01  00  00  00     
    3000009 GUASTALLA                      GUASTALLA                      RE  44.92000  10.66000 -9999  012 19931203 20060502  01  00  01  01  01  00  01  00  00  00     
    3000010 CORREGGIO                      CORREGGIO                      RE  44.77000  10.79000 -9999  011 19931122 20060901  00  00  01  01  01  00  01  00  00  00     
    3000011 RUBIERA                        RUBIERA                        RE  44.65000  10.78000 -9999  011 19931117 20060330  00  00  01  01  01  00  01  00  00  00     
    3000012 CASTELNOVO NE MONTI            CASTELNOVO NE' MONTI           RE  44.43091  10.40708   850  012 19940429 20060104  00  00  01  01  01  00  01  00  00  00     
    3000013 MONTECCHIO                     MONTECCHIO EMILIA              RE  44.69744  10.44954    90  011 19931120 20060330  00  00  01  01  01  00  01  00  00  00     
    3000014 S. ILARIO D'ENZA               SANT'ILARIO D'ENZA             RE  44.76000  10.45000 -9999  011 19931127 20060104  00  01  01  01  01  00  01  00  00  00     
    3000015 OLD LM RE                      REGGIO NELL'EMILIA             RE  44.68904  10.66359    55  000 19941001 20060105  01  01  01  01  01  01  01  01  00  01     
    3000018 FEBBIO                         VILLA MINOZZO                  RE  44.30071  10.43104  1121  033 20041007 -999      01  01  01  01  01  00  00  00  00  00     
    3000021 CASALGRANDE                    CASALGRANDE                    RE  44.58853  10.73033   105  012 20080401 20090430  00  01  01  01  01  00  01  01  00  00     
    3000022 S. ROCCO                       GUASTALLA                      RE  44.87373  10.66478    22  033 20080401 -999      01  01  01  01  01  00  00  00  01  00     
    3000023 UM-RE-01                       REGGIO NELL'EMILIA             RE  44.69955  10.62276    59  000 20060512 20161230  00  01  00  00  00  00  00  00  00  01     
    3000024 LM-RE                          CORREGGIO                      RE  44.77476  10.78036    30  000 20120401 -999      01  01  01  01  01  01  01  01  01  01     
    3000025 TIMAVO                         REGGIO NELL'EMILIA             RE  44.69955  10.62276    59  011 20140101 -999      00  01  01  01  01  00  01  01  00  00     
    3000026 TEST OPAS                      REGGIO NELL'EMILIA             RE  44.68904  10.66359    55  001 20200101 -999      01  01  01  01  01  00  00  00  01  00     
    4000001 MO - L.GO GARIBALDI            MODENA                         MO  44.64526  10.93161    32  011 19900202 20060407  01  00  01  01  01  01  01  00  00  00     
    4000002 GIARDINI                       MODENA                         MO  44.63699  10.90572    39  011 19900205 -999      00  01  01  01  01  00  01  01  00  00     
    4000005 MO - VIA NONANTOLANA           MODENA                         MO  44.65713  10.94956    30  011 19950101 20060802  01  01  01  01  01  01  01  01  01  00     
    4000006 CAMPOGALLIANO                  CAMPOGALLIANO                  MO  44.69146  10.84892    41  012 19900320 20061009  00  00  01  01  01  00  01  00  00  00     
    4000007 CASTELFRANCO                   CASTELFRANCO EMILIA            MO  44.59809  11.04704    42  011 19900320 20061009  00  00  01  01  01  00  01  00  00  00     
    4000008 SASSUOLO                       SASSUOLO                       MO  44.54553  10.78569   118  011 19900210 20080228  00  00  01  01  01  00  01  01  00  00     
    4000009 SPEZZANO 1                     FIORANO MODENESE               MO  44.54086  10.85396   118  023 19950101 20061009  01  00  00  00  00  00  00  00  00  00     
    4000010 SPEZZANO 2                     FIORANO MODENESE               MO  44.53254  10.84637   131  011 19950504 20070508  00  01  01  01  01  00  01  00  00  00     
    4000011 CARPI 1                        CARPI                          MO  44.77639  10.88416    25  011 19900316 20051218  00  00  01  01  01  00  01  01  00  00     
    4000012 REMESINA                       CARPI                          MO  44.80038  10.88426    25  012 19971115 -999      01  01  01  01  01  00  01  01  00  00     
    4000013 PAVULLO                        PAVULLO NEL FRIGNANO           MO  44.33263  10.83380   674  011 19900302 20061009  00  00  01  01  01  01  00  00  00  00     
    4000014 MIRANDOLA                      MIRANDOLA                      MO  44.88387  11.06806    18  012 19900411 20070510  01  00  01  01  01  00  01  00  00  00     
    4000015 MO - 20 SETTEMBRE              MODENA                         MO  44.64620  10.92677    30  011 19990801 20060407  01  01  01  01  01  00  01  01  00  00     
    4000016 MARANELLO                      MARANELLO                      MO  44.52767  10.87234   110  032 19990901 20070202  01  01  01  01  01  00  01  01  01  00     
    4000017 MO - AMUNDSEN                  MODENA                         MO  44.65724  10.89699    30  011 20030101 20051115  00  00  01  01  01  00  01  00  00  00     
    4000020 SOLIGNANO                      CASTELVETRO DI MODENA          MO -99.99999 -99.99999 -9999  000 19960925 20041001  00  00  00  00  00  00  00  00  00  00     
    4000022 PARCO FERRARI                  MODENA                         MO  44.65157  10.90731    30  031 20051116 -999      01  01  01  01  01  00  01  00  01  00     
    4000023 ALBARETO                       MODENA                         MO  44.68779  10.96636    28  022 20051001 -999      00  01  01  01  01  00  00  00  00  00     
    4000024 TAGLIATI                       MODENA                         MO  44.67038  10.96230    28  022 20051001 -999      00  01  01  01  01  00  00  00  01  00     
    4000110 SAN FRANCESCO                  FIORANO MODENESE               MO  44.54215  10.81988   131  011 20070510 -999      00  01  01  01  01  00  01  01  00  00     
    4000137 SKYPOST                        MODENA                         MO  44.64999  10.93000    30  000 20060201 20081231  00  01  00  00  00  00  00  00  00  01     
    4000144 RILOCABILE SAT (501015)        FIORANO MODENESE               MO  44.54417  10.81249 -9999  000 19940610 20080228  01  01  01  01  01  00  01  00  00  01     
    4000145 MEZZO MOBILE HERA MODENA       CASTELFRANCO EMILIA            MO  44.63498  11.01418 -9999  000 19900101 20080508  01  01  01  01  01  01  01  00  00  01     
    4000146 VIGNOLA                        VIGNOLA                        MO  44.48867  11.00828   125  012 20080530 20101104  01  01  01  01  01  00  00  00  00  00     
    4000152 GAVELLO                        MIRANDOLA                      MO  44.92877  11.17895     4  033 20080531 -999      01  01  01  01  01  00  00  00  01  00     
    4000153 LM-MO                          CASTELVETRO DI MODENA          MO  44.52757  10.92420 -9999  000 20090101 -999      01  01  01  01  01  01  01  01  01  01     
    4000154 UM-MO-01                       MODENA                         MO -99.99999 -99.99999 -9999  000 20090101 -999      00  01  00  00  00  00  00  00  00  01     
    4000155 PARCO EDILCARANI               SASSUOLO                       MO  44.54038  10.79236   118  031 20100216 -999      01  01  01  01  01  00  00  00  01  00     
    4000157 MUNAROLA                       MODENA                         MO  44.68091  10.99296    28  033 20130101 20151231  00  01  00  00  00  00  00  00  00  00     
    4000158 BELGIO                         MODENA                         MO  44.67702  10.93580    30  022 20130101 -999      00  01  01  01  01  00  00  00  00  00     
    4000159 XXII APRILE                    MODENA                         MO  44.65611  10.93974    30  031 20130101 20151231  00  01  00  00  00  00  00  00  00  00     
    4000160 UM-RE-01                       FIORANO MODENESE               MO  44.54215  10.81988   131  000 20180101 -999      00  01  00  00  00  00  00  00  00  01     
    5000004 FORNO UNICEM                   VERNASCA                       PC  44.79000   9.81000 -9999  000 19900101 20040916  00  00  00  00  00  00  00  00  00  00     
    5000006 MOCOMERO                       VERNASCA                       PC  44.78737   9.80652   310  023 19961015 20041214  00  01  01  01  01  01  00  00  00  00     
    5000007 LUGAGNANO                      LUGAGNANO VAL D'ARDA           PC  44.82389   9.83037   210  022 19950910 -999      01  01  01  01  01  00  01  00  00  00     
    5000008 CASTEL SAN GIOVANNI            CASTEL SAN GIOVANNI            PC  45.06393   9.43889    69  011 19961015 20070207  01  01  01  01  01  01  00  00  00  00     
    5000009 C.S.G. METEO                   CASTEL SAN GIOVANNI            PC  45.07069   9.42592    69  033 19961001 20070407  00  00  00  00  00  00  00  00  00  00     
    5000010 SARMATO                        SARMATO                        PC  45.05954   9.49969    68  021 19961015 20070207  00  00  01  01  01  01  00  00  00  00     
    5000012 TORRE METEO                    PIACENZA                       PC  45.03775   9.71304   150  031 19961001 20070406  00  00  00  00  00  00  00  00  00  00     
    5000013 PUBBLICO PASSEGGIO             PIACENZA                       PC  45.04520   9.70139    61  031 19961015 20050930  01  01  01  01  01  01  01  00  00  00     
    5000014 MEDAGLIE ORO                   PIACENZA                       PC  45.04544   9.68425 -9999  000 19960731 20031016  00  00  01  01  01  00  01  01  00  00     
    5000015 PIATTI                         PIACENZA                       PC  45.04361   9.69032    61  011 19950802 20040330  00  00  01  01  01  00  01  00  00  00     
    5000016 ROMA                           PIACENZA                       PC  45.04786   9.70796    61  001 19951215 20060111  00  00  01  01  01  01  01  00  00  00     
    5000017 GIORDANI                       PIACENZA                       PC  45.04907   9.69388    61  011 19921215 20050627  00  00  01  01  01  00  01  00  00  00     
    5000018 CAORSO ENEL                    CAORSO                         PC  45.07096   9.87651    46  003 19900101 20171130  00  00  00  00  00  00  00  00  00  00     
    5000019 FIORENZUOLA                    FIORENZUOLA D'ARDA             PC  44.92651   9.91072    50  011 19900115 20080215  00  00  01  01  01  00  00  00  00  00     
    5000020 CENO                           PIACENZA                       PC  45.05442   9.72686    61  012 20001201 -999      00  01  01  01  01  00  01  00  01  00     
    5000021 CORTEMAGGIORE                  CORTEMAGGIORE                  PC  44.98774   9.92775    52  012 20030101 20050929  01  01  01  01  01  01  01  00  00  00     
    5000024 GERBIDO                        PIACENZA                       PC  45.05589   9.74795    61  022 20020102 -999      00  01  01  01  01  00  01  00  01  00     
    5000025 METEO IREN                     PIACENZA                       PC  45.05803   9.73441   100  022 20030101 -999      00  00  00  00  00  00  00  00  00  00     
    5000026 SAN ROCCO                      LODI                           ??  45.08027   9.70010    47  023 20020101 -999      00  01  01  01  01  00  01  00  00  00     
    5000027 MONTALE                        PIACENZA                       PC  45.02669   9.74960    61  012 20050920 20101123  00  01  01  01  01  00  01  00  00  00     
    5000033 GIORDANI-FARNESE               PIACENZA                       PC  45.04884   9.69327    61  011 20060112 -999      00  01  01  01  01  00  01  01  00  00     
    5000062 BESENZONE                      BESENZONE                      PC  44.98950  10.01920    50  033 20071207 -999      01  01  01  01  01  00  00  00  01  00     
    5000064 LM-PC                          FIORENZUOLA D'ARDA             PC  44.92651   9.91060    80  000 19960115 -999      01  01  01  01  01  01  01  00  00  01     
    5000065 PARCO MONTECUCCO               PIACENZA                       PC  45.03854   9.66935    61  031 20090608 -999      01  01  01  01  01  00  00  00  01  00     
    5000066 CORTE BRUGNATELLA              CORTE BRUGNATELLA              PC  44.73473   9.36693   765  033 20100426 -999      01  01  01  01  01  00  00  00  00  00     
    5000067 UM-PC-01                       ROTTOFRENO                     PC -99.99999 -99.99999 -9999  000 20100101 -999      00  01  00  00  00  00  00  00  01  01     
    5000068 LM-PC-PM                       REGGIO NELL'EMILIA             RE -99.99999 -99.99999 -9999  000 20180101 -999      00  00  00  00  00  00  00  00  00  01     
    6000010 PARCO RESISTENZA               FORLI'                         FC  44.21515  12.04816    29  031 19950101 -999      01  01  01  01  01  00  01  01  01  00     
    6000011 ROMA                           FORLI'                         FC  44.21597  12.05750    25  011 19950101 -999      00  01  01  01  01  01  01  01  00  00     
    6000012 MULINI                         CESENA                         FC  44.14000  12.24000    33  011 19950101 20050222  01  00  01  01  01  00  01  00  00  00     
    6000013 EMILIA                         CESENA                         FC  44.14000  12.26000    34  011 19950101 20080402  00  01  01  01  01  00  01  00  00  00     
    6000014 FRANCHINI-ANGELONI             CESENA                         FC  44.14138  12.24474    41  011 19950101 -999      00  01  01  01  01  01  01  01  00  00     
    6000015 BECCARIA                       FORLI'                         FC  44.12996  12.02000    28  011 20010101 20080116  00  01  01  01  01  00  01  00  00  00     
    6000018 LM-FC                          CASTROCARO TERME E TERRA DEL S FC -99.99999 -99.99999 -9999  000 19950101 -999      01  01  01  01  01  01  01  01  01  01     
    6000029 MELDOLA                        MELDOLA                        FC  44.13134  12.06277    35  033 20080606 20101029  01  00  01  01  01  00  00  00  01  00     
    6000031 SAVIGNANO                      SAVIGNANO SUL RUBICONE         FC  44.09687  12.40333    32  012 20080606 -999      01  01  01  01  01  00  00  00  01  00     
    6000032 RAVENNATE                      CESENA                         FC  44.14866  12.24374    34  012 20080801 20080912  00  00  01  01  01  00  01  00  00  00     
    6000034 MONTEFIORE                     CESENA                         FC  44.14449  12.25792    21  012 20081101 20091203  00  00  01  01  01  00  01  00  00  00     
    6000035 HERA                           FORLI'                         FC  44.22940  12.08916    23  001 20090101 -999      00  01  01  01  01  00  01  00  01  00     
    6000036 SAVIGNANO DI RIGO              SOGLIANO AL RUBICONE           FC  43.92741  12.22479   615  033 20100324 -999      01  01  01  01  01  00  00  00  00  00     
    6000038 UM-FC-01                       unknown                        ?? -99.99999 -99.99999 -9999  000 20030130 -999      00  01  00  00  00  00  00  00  01  01     
    6000039 UM-FC-02                       unknown                        ?? -99.99999 -99.99999 -9999  000 20030130 -999      00  01  00  00  00  00  00  00  01  01     
    6000040 UM-FC-03                       unknown                        ?? -99.99999 -99.99999 -9999  000 20090305 -999      00  00  00  00  00  00  00  00  01  01     
    6000041 UM-FC-04                       unknown                        ?? -99.99999 -99.99999 -9999  000 20090305 -999      00  00  00  00  00  00  00  00  01  01     
    6000042 STAPLEX ALTO VOLUME            unknown                        ?? -99.99999 -99.99999 -9999  000 20030130 -999      00  01  00  00  00  00  00  00  00  01     
    7000001 CAVOUR                         IMOLA                          BO  44.35782  11.71090    47  011 19950902 20090302  00  00  01  01  01  01  01  00  00  00     
    7000002 DE AMICIS                      IMOLA                          BO  44.35542  11.72067    42  011 19950902 -999      00  01  01  01  01  00  01  01  00  00     
    7000003 PIRANDELLO                     IMOLA                          BO  44.35047  11.69974    45  011 19950902 20061231  01  00  01  01  01  00  01  00  00  00     
    7000013 ZANARDI                        BOLOGNA                        BO  44.51291  11.32818    40  011 19980102 20081001  01  00  01  01  01  00  01  01  00  00     
    7000014 GIARDINI MARGHERITA            BOLOGNA                        BO  44.48363  11.35504    43  011 19930602 -999      01  01  01  01  01  00  01  01  01  00     
    7000015 PORTA SAN FELICE               BOLOGNA                        BO  44.50002  11.32850    54  011 19980102 -999      00  01  01  01  01  00  01  01  01  00     
    7000016 MALPIGHI                       BOLOGNA                        BO  44.49004  11.36742    57  011 19930602 20061231  00  00  01  01  01  01  01  00  00  00     
    7000017 FIERA                          BOLOGNA                        BO  44.51193  11.35836    43  011 19980101 20070605  00  01  01  01  01  01  01  00  00  00     
    7000020 CASALECCHIO DI RENO            CASALECCHIO DI RENO            BO  44.48404  11.27700    61  011 19980101 20090302  00  00  01  01  01  00  01  00  00  00     
    7000021 CASTEL MAGGIORE                CASTEL MAGGIORE                BO  44.58108  11.36421    30  011 19980102 20090302  00  00  01  01  01  00  01  00  00  00     
    7000022 BORGO PANIGALE                 BOLOGNA                        BO  44.52174  11.27293    43  011 19980102 20090630  00  00  01  01  01  00  01  00  00  00     
    7000023 MONTE CUCCOLINO                BOLOGNA                        BO  44.46385  11.32867   260  032 19980101 20061231  01  01  01  01  01  00  00  00  00  00     
    7000024 SAN LAZZARO                    SAN LAZZARO DI SAVENA          BO  44.46719  11.41660    64  011 19980102 -999      00  01  01  01  01  00  01  00  00  00     
    7000025 CASTENASO                      CASTENASO                      BO  44.51200  11.46534    40  012 19980101 20060827  01  01  01  01  01  01  01  00  00  00     
    7000027 SAN PIETRO CAPOFIUME           MOLINELLA                      BO  44.65423  11.62482    11  033 20000301 -999      01  01  01  01  01  01  00  00  01  00     
    7000028 GRANAROLO                      GRANAROLO DELL'EMILIA          BO  44.55286  11.44428    29  011 20011211 20080218  00  00  01  01  01  00  01  00  00  00     
    7000034 HERA1 ROMAGNA                  IMOLA                          BO  44.36605  11.72058 -9999  000 20070401 20130308  00  01  01  01  01  00  01  00  01  00     
    7000035 HERA2 CARPE                    IMOLA                          BO  44.37115  11.70066 -9999  000 20070401 20130308  00  01  01  01  01  00  01  00  01  00     
    7000036 SAN MARINO                     BENTIVOGLIO                    BO  44.60671  11.42194    24  012 20080219 20091130  01  01  01  01  01  00  00  00  00  00     
    7000037 MEZZO MOBILE                   SAN LAZZARO DI SAVENA          BO  44.46719  11.41660    64  000 20090101 20090514  01  00  00  00  00  00  01  00  00  01     
    7000038 LM-BO                          MINERBIO                       BO  44.62641  11.49127    61  000 20100101 -999      01  01  01  01  01  00  01  01  01  01     
    7000039 FERRARI                        IMOLA                          BO  44.34866  11.70143    41  011 20100528 20120801  01  01  01  01  01  00  00  00  00  00     
    7000040 VILLA TORCHI                   BOLOGNA                        BO  44.54604  11.35939    50  011 20101201 20130103  00  01  01  01  01  00  00  00  00  00     
    7000041 VIA CHIARINI                   BOLOGNA                        BO  44.50009  11.28607    56  012 20101201 -999      01  01  01  01  01  00  00  00  00  00     
    7000042 CASTELLUCCIO                   PORRETTA TERME                 BO  44.14044  10.91717   970  033 20110620 -999      01  01  01  01  01  00  00  00  01  00     
    7000043 LM-BO-COMUNE                   BOLOGNA                        BO  44.49503  11.31054    65  000 20110101 -999      01  01  01  01  01  00  00  01  01  01     
    7000044 UM-BO-01                       MORDANO                        BO  44.40526  11.76766    21  000 20110101 -999      00  01  00  00  00  00  00  00  00  01     
    7000045 UM-BO-02                       MORDANO                        BO  44.39847  11.81143    21  000 20110101 -999      00  01  00  00  00  00  00  00  00  01     
    7000046 CABINA MOLINELLA               MOLINELLA                      BO  44.65193  11.62457 -9999  000 20110906 -999      00  01  00  00  00  00  00  01  01  00     
    7000047 CABINA MAINSITE                BOLOGNA                        BO  44.52463  11.34093 -9999  000 20111115 -999      00  01  00  00  00  01  00  00  01  00     
    8000001 701 S.GIOVANNI                 FERRARA                        FE  44.83998  11.64000     6  011 19950101 20070306  00  01  01  01  01  00  01  01  00  00     
    8000002 ISONZO                         FERRARA                        FE  44.84249  11.61314     8  011 19900416 -999      00  01  01  01  01  01  01  01  00  00     
    8000003 BARCO                          FERRARA                        FE  44.85998  11.61000     5  012 19850101 20090414  00  00  01  01  01  00  01  00  00  00     
    8000004 MIZZANA                        FERRARA                        FE  44.85106  11.58260     7  021 19910103 20120402  01  00  01  01  01  01  00  00  00  00     
    8000005 BOLOGNA                        FERRARA                        FE  44.82998  11.60999     9  011 19950714 20080929  01  00  01  01  01  00  01  00  00  00     
    8000006 LABORATORIO                    FERRARA                        FE  44.83997  11.62999     6  000 19900101 20090615  00  00  00  00  00  00  00  00  00  00     
    8000007 GHERARDI                       JOLANDA DI SAVOIA              FE  44.83975  11.96125    -2  033 19980301 -999      01  01  01  01  01  00  00  00  01  00     
    8000008 708 CENTO                      CENTO                          FE  44.71999  11.29000    16  011 19980901 20071216  00  00  01  01  01  00  01  00  00  00     
    8000038 CENTO                          CENTO                          FE  44.73301  11.29966    15  012 20071220 -999      01  01  01  01  01  00  01  00  00  00     
    8000039 LM-FE                          FERRARA                        FE   8.72190  10.93744 -9999  000 20030703 -999      01  01  01  01  01  01  01  01  00  01     
    8000040 VILLA FULVIA                   FERRARA                        FE  44.82426  11.64962     8  031 20080917 -999      01  01  01  01  01  00  00  00  01  00     
    8000041 OSTELLATO                      OSTELLATO                      FE  44.74090  11.94194     0  033 20081203 -999      01  00  01  01  01  00  00  00  01  00     
    8000042 VIA BELLONCI                   FERRARA                        FE  44.84420  11.64719     4  031 20100330 20100615  00  01  01  01  01  01  00  00  00  00     
    8000043 UM-FE-01                       FERRARA                        FE  44.84249  11.61314     8  000 20091121 -999      00  01  00  00  00  00  00  00  01  01     
    8000044 CASSANA                        FERRARA                        FE  44.84955  11.56229    10  021 20101223 -999      00  01  01  01  01  01  01  00  01  00     
    8000045 BARCO NUOVA                    FERRARA                        FE  44.85998  11.61000     5  021 20130101 -999      01  01  01  01  01  00  01  01  01  00     
    9000001 GERMANI                        RAVENNA                        RA  44.44552  12.27289     4  000 19890101 20031231  01  01  01  01  01  01  00  00  01  00     
    9000002 AZIENDA MARANI                 RAVENNA                        RA  44.46608  12.20823     4  000 19890101 19931231  00  01  01  01  01  01  00  00  00  00     
    9000004 AGIP 29                        RAVENNA                        RA  44.45473  12.15831     4  000 19890401 20020410  00  01  00  00  00  01  00  00  01  00     
    9000005 MARINA DI RAVENNA              RAVENNA                        RA  44.48081  12.28228     4  000 19760101 19971231  01  00  01  01  01  01  00  00  00  00     
    9000006 AZIENDA ZORABINI               RAVENNA                        RA  44.49860  12.20745     4  000 19890101 20171231  01  00  01  01  01  01  00  00  00  00     
    9000007 S. ALBERTO                     RAVENNA                        RA  44.45478  12.15832     0  000 19760101 20141219  00  00  01  01  01  01  00  00  00  00     
    9000008 ANIC METEO                     RAVENNA                        RA  44.44000  12.23000 -9999  000 19720101 20081231  00  00  00  00  00  00  00  00  00  00     
    9000009 PIAZZA RESISTENZA              RAVENNA                        RA  44.41583  12.18863 -9999  000 19900401 19981231  01  00  01  01  01  01  01  00  00  00     
    9000011 S.A.P.I.R.                     RAVENNA                        RA  44.44463  12.25107     0  022 19910330 19930525  01  01  01  01  01  01  01  00  00  00     
    9000012 STADIO                         RAVENNA                        RA  44.40583  12.19428     4  012 19750601 20080611  00  00  01  01  01  01  01  00  00  00     
    9000014 ZALAMELLA                      RAVENNA                        RA  44.42778  12.18649     4  011 19930601 -999      00  01  01  01  01  00  01  01  00  00     
    9000015 N. ROCCA BRANCALEONE           RAVENNA                        RA  44.42257  12.20657     4  011 19970918 -999      01  01  01  01  01  01  01  00  00  00     
    9000016 CERAMICHE                      FAENZA                         RA  44.28945  11.88877    35  011 19950920 20001231  00  01  01  01  01  01  01  00  00  00     
    9000017 MARCONI                        FAENZA                         RA  44.28258  11.87360    35  011 19950914 20021231  00  01  01  01  01  00  01  01  00  00     
    9000018 PARCO BUCCI                    FAENZA                         RA  44.29502  11.87110    35  031 19950926 20090408  01  01  01  01  01  00  01  00  01  00     
    9000019 BISAURA                        FAENZA                         RA  44.33029  11.90216    35  033 19850101 20090115  00  00  00  00  00  00  00  00  00  00     
    9000020 COTIGNOLA                      COTIGNOLA                      RA  44.39158  11.94335    19  012 19980501 20080930  01  01  00  00  00  01  00  00  00  00     
    9000021 CAORLE                         RAVENNA                        RA  44.41926  12.22539     4  011 19990312 -999      01  01  01  01  01  01  01  00  01  00     
    9000022 LM-RA                          CERVIA                         RA  44.26333  12.35301     1  000 19990427 -999      01  01  01  01  01  01  01  01  01  01     
    9000023 METEO PORTINERIA               RAVENNA                        RA  44.44000  12.23000 -9999  000 20030301 20171231  00  00  00  00  00  00  00  00  00  00     
    9000024 RANDI                          RAVENNA                        RA  44.40956  12.19216     4  000 20010201 20020131  00  01  00  00  00  00  00  00  01  00     
    9000025 CONSELICE                      CONSELICE                      RA  44.49488  11.81991 -9999  000 19990601 20090401  00  00  00  00  00  00  00  00  00  00     
    9000037 UM-RA-01 SKYPOST               RAVENNA                        RA  44.47791  12.20326     0  000 20070301 -999      00  01  00  00  00  00  00  00  01  01     
    9000048 FIUMETTO                       RAVENNA                        RA  44.45614  12.18360     4  000 19720101 19881231  00  00  00  00  00  01  00  00  00  00     
    9000049 CA' BOSCO                      RAVENNA                        RA  44.48070  12.17856     0  000 19721031 19880725  00  00  00  00  00  01  00  00  00  00     
    9000050 PANTANELLA                     RAVENNA                        RA  44.46383  12.19423     4  000 19721031 19880704  00  00  00  00  01  01  00  00  00  00     
    9000051 PUNTA MARINA                   RAVENNA                        RA   4.45322  11.36416     0  000 19721031 19880906  00  00  00  00  01  01  00  00  00  00     
    9000052 VIA ARGINI                     RAVENNA                        RA  44.47595  12.12773     4  000 19730105 19880628  00  00  00  00  00  01  00  00  00  00     
    9000053 LIDO ADRIANO                   RAVENNA                        RA  44.40749  12.30940 -9999  000 19720101 19960120  01  00  01  01  00  01  01  00  00  00     
    9000055 LIDO DI SAVIO                  RAVENNA                        RA  44.31808  12.34107     0  000 19750420 19811127  00  00  00  00  00  01  00  00  00  00     
    9000056 VIA FAENTINA                   RAVENNA                        RA  44.42549  12.16783     4  000 19750418 19900401  00  00  00  00  00  01  00  00  00  00     
    9000061 AMGA                           RAVENNA                        RA  44.44749  12.22685     4  000 19720101 19881231  01  00  01  01  01  00  00  00  00  00     
    9000062 LABORATORIO ARPA               RAVENNA                        RA  44.41706  12.20695     4  000 19781004 19891231  00  00  01  01  01  01  01  00  00  00     
    9000063 MARINA ROMEA                   RAVENNA                        RA  44.51199  12.27439     0  000 19760101 19880907  00  00  00  00  00  01  00  00  00  00     
    9000064 ROCCA BRANCALEONE              RAVENNA                        RA  44.40000  12.21000 -9999  000 19721124 19970831  00  00  00  00  00  01  00  00  00  00     
    9000068 BALLIRANA                      ALFONSINE                      RA  44.52743  11.98236     6  033 20080721 -999      01  00  01  01  01  00  00  00  01  00     
    9000069 CA' PINO                       RAVENNA                        RA  44.51435  12.22751     4  000 19760109 19880907  00  00  00  00  00  01  00  00  00  00     
    9000070 DELTA CERVIA                   CERVIA                         RA  44.28386  12.33225     0  002 20090225 -999      01  01  01  01  01  00  00  00  00  00     
    9000071 GIARDINI                       RAVENNA                        RA  44.41593  12.20806     4  031 20090401 20101222  01  01  01  01  01  00  00  00  01  00     
    9000072 UM-PREST-02 SKYPOST            COTIGNOLA                      RA  44.38437  11.93905    19  000 20120101 20130131  00  01  00  00  00  00  00  00  00  01     
    9000073 UM-PREST-03 SKYPOST            ALFONSINE                      RA  44.50486  12.04104     6  000 20120101 20120416  00  01  00  00  00  00  00  00  00  01     
    9000074 UM-PREST-04 SKYPOST            CASTEL BOLOGNESE               RA  44.31866  11.79682    42  000 20120101 20130201  00  01  00  00  00  00  00  00  00  01     
    9000076 UM-PREST-05 SKYPOST            COTIGNOLA                      RA  44.38323  11.92783    19  000 20120101 20130201  00  01  00  00  00  00  00  00  00  01     
    9000077 PORTO SAN VITALE               RAVENNA                        RA  44.44375  12.25325     0  022 20130701 -999      01  01  01  01  01  01  01  01  01  00     
    9000078 UM-RA-02 SKYPOST               RAVENNA                        RA  44.44723  12.26091     0  000 20140120 -999      00  01  00  00  00  00  00  00  01  01     
    9000079 UM-RA-03 SKYPOST               RAVENNA                        RA  44.46908  12.24606     0  000 20140120 -999      00  01  00  00  00  00  00  00  01  01     
    9000080 UM-RA-04 SKYPOST               RAVENNA                        RA  44.46626  12.25753     0  000 20140120 -999      00  01  00  00  00  00  00  00  01  01     
    9000081 UM-RA-05 SKYPOST               RAVENNA                        RA  44.45302  12.25978     0  000 20140120 -999      00  01  00  00  00  00  00  00  01  01     
    9000082 UM-RA-06 SKYPOST               RAVENNA                        RA  44.48523  12.27515     0  000 20140120 -999      00  01  00  00  00  00  00  00  01  01     
    9000083 PARCO BERTOZZI                 FAENZA                         RA  44.28561  11.87340    35  031 20151218 -999      01  01  01  01  01  00  00  00  01  00     
   10000001 FLAMINIA                       RIMINI                         RN  44.05210  12.57568     5  011 19950525 -999      00  01  01  01  01  01  01  01  00  00     
   10000002 MARECCHIA                      RIMINI                         RN  44.06431  12.55249     5  031 19950525 -999      01  01  01  01  01  00  01  00  01  00     
   10000003 ABETE                          RIMINI                         RN  44.04830  12.55966     6  011 19950524 20080513  00  00  01  01  01  00  01  00  00  00     
   10000004 RICCIONE                       RICCIONE                       RN  44.00567  12.65949     1  001 19980101 20080122  01  00  01  01  01  00  01  00  00  00     
   10000059 VERUCCHIO                      VERUCCHIO                      RN  44.01388  12.42096    78  032 20080123 -999      01  01  01  01  01  00  00  00  00  00     
   10000060 SAN CLEMENTE                   SAN CLEMENTE                   RN  43.93183  12.62728   179  033 20080123 -999      01  00  01  01  01  00  00  00  01  00     
   10000071 LM-RN                          SANT'ARCANGELO DI ROMAGNA      RN -99.99999 -99.99999 -9999  000 20040112 -999      01  01  01  01  01  00  01  01  00  01     
   10000072 MONDAINO                       MONDAINO                       RN  43.84381  12.64837   127  033 20100319 20101110  01  01  01  01  01  00  00  00  00  00     
   10000073 SUPERSITO - MARECCHIA          RIMINI                         RN  44.06431  12.55249     5  031 20110707 20160902  00  00  00  00  00  00  00  00  01  00     
   10000074 SAN LEO                        SAN LEO                        RN  43.90722  12.40123   540  033 20140224 -999      01  01  01  01  01  00  00  00  00  00     

Selezionate 226 righe.

