 44.640556  9.197762
 44.647034  9.196591
 44.656876  9.202074
 44.665936  9.204203
 44.669415  9.195885
 44.677711  9.195621
 44.685715  9.198750
 44.682728  9.222517
 44.686520  9.246630
 44.693535  9.239918
 44.715164  9.244961
 44.692192  9.260283
 44.680622  9.259115
 44.674301  9.264328
 44.680737  9.270298
 44.677963  9.276287
 44.682728  9.290618
 44.674618  9.295929
 44.675770  9.305593
 44.681126  9.307733
 44.681290  9.324749
 44.684914  9.333305
 44.689087  9.324320
 44.695477  9.323970
 44.698261  9.318954
 44.704296  9.318622
 44.708946  9.322258
 44.717884  9.327606
 44.723259  9.332178
 44.736431  9.341561
 44.735409  9.333467
 44.740753  9.334120
 44.744610  9.324303
 44.749023  9.319248
 44.747486  9.307341
 44.754234  9.298785
 44.761150  9.294537
 44.773251  9.295371
 44.776253  9.308832
 44.783512  9.321573
 44.790611  9.321183
 44.797955  9.340247
 44.803429  9.352116
 44.813568  9.366162
 44.825859  9.354780
 44.840748  9.351529
 44.866600  9.345240
 44.865406  9.335568
 44.868145  9.329087
 44.875179  9.323833
 44.873951  9.313188
 44.875576  9.303360
 44.880043  9.293376
 44.892361  9.286365
 44.896679  9.290022
 44.904160  9.292043
 44.912006  9.294045
 44.920162  9.293594
 44.922741  9.299295
 44.927921  9.290729
 44.934319  9.291349
 44.932735  9.302639
 44.934673  9.312274
 44.948025  9.324687
 44.958801  9.331400
 44.967430  9.339774
 44.976063  9.342628
 44.983246  9.347103
 44.990398  9.349144
 44.996513  9.352706
 45.000233  9.362245
 45.002544  9.371863
 45.009720  9.374880
 45.015797  9.376981
 45.022854  9.373183
 45.038998  9.380578
 45.047081  9.375259
 45.053253  9.381256
 45.063423  9.391905
 45.065556  9.405700
 45.069382  9.412788
 45.076965  9.407506
 45.079056  9.415666
 45.076481  9.425379
 45.074921  9.433678
 45.082005  9.435382
 45.085777  9.441858
 45.093544  9.441661
 45.093922  9.451383
 45.095390  9.470789
 45.101414  9.488987
 45.101215  9.502152
 45.096146  9.508742
 45.089451  9.518821
 45.083225  9.523027
 45.077923  9.523293
 45.079578  9.538786
 45.086864  9.546695
 45.094940  9.548598
 45.105598  9.544607
 45.114388  9.536819
 45.122601  9.536372
 45.130566  9.540414
 45.130863  9.549981
 45.128277  9.557391
 45.120773  9.565200
 45.112724  9.566817
 45.103992  9.568970
 45.096245  9.580121
 45.097584  9.589574
 45.102242  9.603552
 45.110699  9.614857
 45.118938  9.619008
 45.126659  9.618412
 45.137329  9.621428
 45.137630  9.631003
 45.133636  9.638503
 45.127449  9.643763
 45.118660  9.644420
 45.108696  9.641335
 45.097973  9.636402
 45.086575  9.632483
 45.079712  9.638730
 45.077183  9.648465
 45.073994  9.659674
 45.070244  9.675687
 45.065174  9.683200
 45.058720  9.703666
 45.055592  9.717216
 45.059391  9.726488
 45.068970  9.728231
 45.072338  9.747086
 45.078362  9.747649
 45.086674  9.754273
 45.090340  9.758817
 45.101303  9.747591
 45.106411  9.741038
 45.111027  9.742172
 45.114689  9.746719
 45.115044  9.758670
 45.110630  9.764695
 45.094418  9.777674
 45.081753  9.803763
 45.079601  9.814871
 45.061966  9.815904
 45.055702  9.819603
 45.053734  9.826186
 45.059612  9.832717
 45.067791  9.834636
 45.075481  9.831813
 45.086025  9.829777
 45.094250  9.833131
 45.096325  9.843531
 45.091633  9.865296
 45.085346  9.868024
 45.078423  9.873169
 45.072598  9.879681
 45.078930  9.891280
 45.087181  9.895630
 45.096786  9.897530
 45.104774  9.892338
 45.109829  9.883460
 45.115696  9.878363
 45.123791  9.876977
 45.130352  9.883822
 45.133156  9.892974
 45.135406  9.903114
 45.139931  9.909279
 45.140709  9.916622
 45.133980  9.926820
 45.124756  9.928292
 45.112366  9.921557
 45.106457  9.913492
 45.099598  9.912373
 45.094498  9.915104
 45.099796  9.928626
 45.108517  9.942948
 45.121651  9.954560
 45.132000  9.962866
 45.136139  9.966088
 45.137306  9.978331
 45.132298  9.988450
 45.123848  9.997775
 45.116070 10.005592
 45.107655 10.016897
 45.098190 10.026295
 45.088993 10.029276
 45.082146 10.028182
 45.077671 10.025967
 45.070873 10.028813
 45.065140 10.035550
 45.063499 10.041563
 45.056713 10.045894
 45.047150 10.046437
 45.042038 10.047713
 45.040401 10.054224
 45.041683 10.077354
 45.034851 10.076762
 45.028728 10.079585
 45.026443 10.088607
 45.023842 10.101107
 45.027340 10.108311
 45.031906 10.120386
 45.033779 10.136075
 45.037941 10.142243
 45.044136 10.146808
 45.046635 10.157515
 45.044319 10.165058
 45.039227 10.167833
 45.031513 10.182126
 45.034367 10.194293
 45.032806 10.209199
 45.031857 10.216664
 45.029568 10.226681
 45.025890 10.234318
 45.019238 10.252020
 45.011787 10.257433
 45.006683 10.259239
 45.001667 10.269441
 45.003590 10.292539
 45.000938 10.301604
 44.993443 10.302091
 44.985619 10.303591
 44.984005 10.313582
 44.977295 10.325394
 44.977356 10.332805
 44.971706 10.349002
 44.968399 10.360598
 44.970852 10.367851
 44.976002 10.372448
 44.982895 10.381869
 44.989128 10.393801
 44.989895 10.403631
 44.988235 10.410169
 44.984882 10.416328
 44.976177 10.421234
 44.962772 10.428004
 44.956238 10.433386
 44.950027 10.437786
 44.944164 10.448693
 44.942001 10.462831
 44.935360 10.482317
 44.928364 10.491531
 44.926910 10.501391
 44.923256 10.505919
 44.919548 10.510138
 44.917030 10.519083
 44.920101 10.530138
 44.917568 10.538592
 44.915600 10.554832
 44.916584 10.565523
 44.918621 10.576641
 44.920551 10.593583
 44.924545 10.604142
 44.930161 10.619939
 44.941299 10.630922
 44.952103 10.643719
 44.970139 10.654274
 44.982540 10.665778
 44.982525 10.674927
 44.990673 10.686375
 44.984852 10.687650
 44.977985 10.689512
 44.969231 10.685126
 44.967007 10.692587
 44.975887 10.701855
 44.979893 10.708902
 44.988487 10.713275
 44.993446 10.720716
 44.995789 10.729254
 44.992374 10.737585
 44.983768 10.739053
 44.978527 10.736907
 44.971783 10.743647
 44.960228 10.737947
 44.955021 10.737267
 44.952923 10.749604
 44.949810 10.762978
 44.939800 10.818765
 44.935406 10.822919
 44.938374 10.831060
 44.928352 10.845300
 44.932762 10.855804
 44.923828 10.872421
 44.922474 10.880992
 44.919834 10.888820
 44.923325 10.895727
 44.927044 10.904982
 44.930763 10.916015
 44.927338 10.935182
 44.931469 10.945295
 44.938438 10.952291
 44.939400 10.962750
 44.944759 10.972051
 44.950134 10.981105
 44.956001 10.993404
 44.956940 11.005610
 44.956661 11.017244
 44.955097 11.024660
 44.954605 11.033482
 44.956211 11.059811
 44.962185 11.071154
 44.967339 11.080299
 44.964718 11.095076
 44.961700 11.101266
 44.956890 11.104232
 44.953072 11.119093
 44.944210 11.124441
 44.943775 11.136681
 44.935936 11.141973
 44.933662 11.148441
 44.939632 11.153020
 44.939899 11.165223
 44.939754 11.190640
 44.942642 11.205534
 44.945141 11.221292
 44.946568 11.234763
 44.954025 11.244160
 44.949703 11.254232
 44.948227 11.261942
 44.950588 11.271336
 44.962383 11.280396
 44.957298 11.285538
 44.960274 11.296142
 44.967239 11.298239
 44.961243 11.309778
 44.964951 11.321814
 44.955196 11.343881
 44.956409 11.361005
 44.957958 11.371923
 44.958508 11.380783
 44.955669 11.396603
 44.950939 11.400699
 44.954845 11.407696
 44.956375 11.426701
 44.938351 11.426863
 44.931240 11.426471
 44.933846 11.440847
 44.939098 11.468016
 44.940136 11.497715
 44.941086 11.524940
 44.938816 11.541523
 44.927872 11.556864
 44.918491 11.580263
 44.913292 11.588818
 44.896828 11.588974
 44.892632 11.594204
 44.889729 11.608183
 44.890404 11.624956
 44.902592 11.646591
 44.913708 11.660484
 44.921501 11.681129
 44.921940 11.694499
 44.928204 11.705458
 44.930111 11.722341
 44.930862 11.734214
 44.940460 11.746963
 44.954109 11.744398
 44.958794 11.747689
 44.963459 11.762164
 44.966324 11.779490
 44.980152 11.802794
 44.981899 11.811584
 44.978004 11.833612
 44.978973 11.864254
 44.979607 11.885119
 44.981918 11.897288
 44.978764 11.930286
 44.983150 11.941164
 44.989082 11.966054
 44.987419 11.987811
 44.982655 12.006626
 44.977867 12.018062
 44.978165 12.036316
 44.977875 12.043454
 44.976318 12.051890
 44.973297 12.059853
 44.972694 12.067797
 44.974972 12.080792
 44.970604 12.087065
 44.972725 12.097203
 44.964573 12.101521
 44.962841 12.113447
 44.954208 12.118752
 44.947723 12.118656
 44.942532 12.127491
 44.934368 12.130106
 44.930199 12.139648
 44.934025 12.149610
 44.941391 12.164284
 44.942726 12.171240
 44.932194 12.182633
 44.927265 12.194263
 44.928669 12.203168
 44.928619 12.210511
 44.926647 12.227814
 44.931541 12.235109
 44.937119 12.241221
 44.936268 12.252576
 44.941715 12.252758
 44.938244 12.260069
 44.944920 12.274798
 44.943310 12.282391
 44.934315 12.293636
 44.927258 12.296494
 44.921482 12.286353
 44.913277 12.284222
 44.903439 12.288366
 44.873253 12.286306
 44.867874 12.292061
 44.859249 12.298018
 44.857071 12.306026
 44.858223 12.321234
 44.854378 12.336214
 44.849766 12.341290
 44.826862 12.348342
 44.817745 12.353910
 44.812428 12.359153
 44.796211 12.387772
 44.790108 12.402975
 44.782261 12.389235
 44.780567 12.377899
 44.788097 12.358915
 44.789413 12.347929
 44.792759 12.333635
 44.797424 12.314088
 44.808525 12.303539
 44.802681 12.314962
 44.802059 12.335761
 44.806709 12.336611
 44.800243 12.355440
 44.797142 12.372083
 44.803841 12.369631
 44.818199 12.348190
 44.815556 12.338930
 44.822491 12.338820
 44.829563 12.332978
 44.836662 12.319482
 44.838982 12.310231
 44.840847 12.294790
 44.828827 12.279155
 44.819984 12.269833
 44.816559 12.274780
 44.821148 12.280302
 44.816162 12.292831
 44.807957 12.281624
 44.787460 12.264420
 44.764435 12.253879
 44.726166 12.243809
 44.694126 12.236904
 44.673412 12.239502
 44.651237 12.244879
 44.640339 12.251595
 44.635979 12.263294
 44.631252 12.272595
 44.630539 12.283947
 44.608170 12.287920
 44.575401 12.284349
 44.546749 12.278837
 44.512283 12.277660
 44.480267 12.281726
 44.451717 12.289119
 44.433926 12.306001
 44.418495 12.319048
 44.408195 12.323922
 44.381279 12.320808
 44.359573 12.321001
 44.344112 12.329285
 44.331451 12.345213
 44.307346 12.349279
 44.276352 12.354377
 44.252972 12.366608
 44.237526 12.381169
 44.226307 12.383492
 44.210175 12.400144
 44.189583 12.423958
 44.179970 12.435874
 44.174812 12.442066
 44.167942 12.450161
 44.154877 12.468289
 44.135944 12.488733
 44.121468 12.505383
 44.103195 12.526791
 44.085926 12.548206
 44.080757 12.562583
 44.080761 12.573186
 44.080070 12.579439
 44.071083 12.584114
 44.058975 12.593554
 44.045132 12.608747
 44.032307 12.628285
 44.019135 12.643482
 44.008026 12.659190
 43.997597 12.678280
 43.992374 12.690231
 43.983662 12.711751
 43.977367 12.728493
 43.974911 12.739044
 43.974770 12.760015
 43.968769 12.760996
 43.957062 12.758449
 43.951740 12.752192
 43.946308 12.746613
 43.941612 12.737501
 43.934002 12.733521
 43.923603 12.732377
 43.915627 12.729833
 43.909714 12.733099
 43.902988 12.736677
 43.891312 12.724934
 43.882862 12.723175
 43.878239 12.731089
 43.872349 12.736357
 43.867302 12.730276
 43.861687 12.716938
 43.861115 12.702324
 43.854359 12.703366
 43.854122 12.683078
 43.848244 12.680574
 43.842007 12.681431
 43.835064 12.685163
 43.829914 12.674013
 43.831688 12.665870
 43.832767 12.658676
 43.831802 12.642788
 43.826714 12.622509
 43.831249 12.612965
 43.840611 12.609269
 43.847515 12.613227
 43.847485 12.620441
 43.852692 12.616678
 43.852028 12.609453
 43.855530 12.600852
 43.860706 12.604784
 43.866589 12.602474
 43.871147 12.590521
 43.876331 12.590605
 43.883247 12.591678
 43.892933 12.588465
 43.891258 12.571599
 43.885067 12.564283
 43.878151 12.562729
 43.871105 12.552039
 43.871212 12.536835
 43.875443 12.530468
 43.881237 12.530203
 43.894043 12.541489
 43.897285 12.536590
 43.902191 12.524493
 43.904507 12.512514
 43.911926 12.506474
 43.920029 12.494232
 43.923908 12.486931
 43.933594 12.501038
 43.947392 12.513284
 43.963985 12.503911
 43.976070 12.504097
 43.993336 12.511587
 44.003017 12.498734
 43.996799 12.492376
 43.992672 12.473052
 43.985764 12.464280
 43.977146 12.452110
 43.970947 12.442389
 43.964046 12.420621
 43.962059 12.396874
 43.962086 12.384050
 43.960506 12.375575
 43.959572 12.363745
 43.948395 12.356174
 43.952564 12.345063
 43.962879 12.335508
 43.950089 12.309554
 43.941475 12.307564
 43.932564 12.296087
 43.931946 12.287563
 43.926231 12.279743
 43.932606 12.277084
 43.931038 12.268602
 43.921501 12.256199
 43.909485 12.245407
 43.916893 12.239886
 43.920502 12.229775
 43.916645 12.223740
 43.910950 12.223181
 43.907768 12.215759
 43.914299 12.203396
 43.917393 12.186420
 43.924397 12.179407
 43.919868 12.168422
 43.911774 12.161707
 43.899746 12.168495
 43.892384 12.168162
 43.874187 12.161519
 43.865841 12.150023
 43.850159 12.145989
 43.845230 12.141932
 43.838264 12.151262
 43.829910 12.149942
 43.827587 12.134020
 43.817669 12.125497
 43.801929 12.118702
 43.798637 12.113820
 43.797752 12.105696
 43.790985 12.105465
 43.774132 12.098732
 43.766327 12.099892
 43.759495 12.109102
 43.746780 12.077797
 43.757767 12.056664
 43.761887 12.044695
 43.757778 12.040803
 43.761215 12.033631
 43.765339 12.019258
 43.768082 12.004868
 43.767799 11.993513
 43.770481 11.970284
 43.777321 11.952091
 43.783478 11.951195
 43.790314 11.949823
 43.798836 11.918662
 43.803276 11.910053
 43.809078 11.907708
 43.817623 11.909240
 43.815903 11.899603
 43.813492 11.888518
 43.815865 11.874117
 43.821991 11.864559
 43.821972 11.854941
 43.814678 11.851843
 43.816010 11.835046
 43.822037 11.823952
 43.827923 11.820530
 43.836315 11.806044
 43.846550 11.794886
 43.852581 11.783772
 43.853916 11.768386
 43.855831 11.761471
 43.860439 11.750050
 43.864952 11.737499
 43.868309 11.726464
 43.874424 11.723150
 43.879475 11.708759
 43.892395 11.706467
 43.902626 11.711368
 43.913521 11.711464
 43.923077 11.716359
 43.931419 11.683702
 43.938194 11.680388
 43.948429 11.685289
 43.956974 11.690178
 43.961025 11.685398
 43.973381 11.660735
 43.980293 11.652022
 43.987995 11.650506
 43.997688 11.640798
 43.999237 11.650568
 44.007729 11.650637
 44.010525 11.660295
 44.019016 11.659401
 44.024132 11.661854
 44.024868 11.670049
 44.023270 11.683522
 44.040352 11.693304
 44.063587 11.705554
 44.082474 11.727407
 44.098927 11.740569
 44.111591 11.749361
 44.115982 11.744580
 44.123501 11.747061
 44.127907 11.744690
 44.130230 11.738442
 44.128445 11.728784
 44.124256 11.715730
 44.128445 11.709324
 44.123260 11.704495
 44.122089 11.690041
 44.125397 11.678009
 44.117813 11.674613
 44.114998 11.667376
 44.109119 11.662539
 44.107323 11.653858
 44.101078 11.646606
 44.109558 11.637966
 44.115593 11.625944
 44.118782 11.604277
 44.114193 11.591248
 44.112385 11.582565
 44.115055 11.576797
 44.120911 11.579236
 44.127823 11.585052
 44.127956 11.597095
 44.139942 11.597154
 44.143524 11.611617
 44.153107 11.610699
 44.158966 11.613134
 44.164021 11.605937
 44.160492 11.597254
 44.164833 11.587649
 44.162922 11.569830
 44.168015 11.566008
 44.169628 11.557835
 44.167835 11.550604
 44.160961 11.548156
 44.154652 11.536081
 44.157898 11.521657
 44.161499 11.517342
 44.163227 11.499620
 44.173641 11.489876
 44.176411 11.482656
 44.183365 11.478712
 44.184055 11.469137
 44.189247 11.469049
 44.192715 11.464208
 44.188549 11.459498
 44.193748 11.448893
 44.199642 11.449747
 44.203106 11.444907
 44.209366 11.451971
 44.216305 11.449462
 44.235329 11.420464
 44.216190 11.388760
 44.202999 11.378942
 44.200558 11.370854
 44.207451 11.351619
 44.200462 11.327829
 44.189629 11.321146
 44.179661 11.316213
 44.174446 11.306732
 44.173389 11.297186
 44.168201 11.297269
 44.162983 11.288742
 44.152592 11.279345
 44.158440 11.266337
 44.161858 11.248110
 44.159386 11.227580
 44.154167 11.214746
 44.152382 11.197045
 44.149231 11.185987
 44.138813 11.190100
 44.127781 11.217857
 44.113575 11.245186
 44.112049 11.258237
 44.105797 11.260785
 44.100536 11.259937
 44.100430 11.253675
 44.102009 11.243999
 44.098415 11.237816
 44.104038 11.216478
 44.102974 11.201182
 44.112560 11.160363
 44.109272 11.142928
 44.107521 11.119999
 44.098087 11.100608
 44.094509 11.093476
 44.092407 11.086789
 44.094730 11.074501
 44.094742 11.059432
 44.096729 11.051479
 44.098408 11.037096
 44.096653 11.027548
 44.101818 11.025083
 44.103512 11.016443
 44.110371 11.008211
 44.116234 11.009087
 44.123108 11.006598
 44.121422 11.016192
 44.130047 11.018465
 44.136951 11.019804
 44.141384 11.010172
 44.132923 10.998211
 44.116096 10.974629
 44.109207 10.975680
 44.079838 10.948316
 44.074604 10.930669
 44.065960 10.919773
 44.065929 10.911633
 44.072792 10.906755
 44.082443 10.909979
 44.089298 10.905101
 44.096794 10.889683
 44.101719 10.880934
 44.101944 10.854873
 44.118206 10.836347
 44.117828 10.818117
 44.127670 10.797644
 44.128441 10.786615
 44.132401 10.779273
 44.141903 10.773114
 44.154369 10.761541
 44.156643 10.741308
 44.157543 10.707711
 44.159054 10.699005
 44.155972 10.685744
 44.161102 10.670133
 44.155304 10.659419
 44.158859 10.649639
 44.148956 10.640606
 44.139847 10.631607
 44.132614 10.630006
 44.127239 10.626722
 44.122200 10.621081
 44.118855 10.613961
 44.116848 10.600849
 44.126034 10.595523
 44.129261 10.586725
 44.138649 10.575628
 44.144165 10.561884
 44.150631 10.544710
 44.158249 10.532234
 44.167625 10.535997
 44.171795 10.532046
 44.176918 10.524347
 44.181389 10.516510
 44.186440 10.504468
 44.193935 10.490911
 44.201969 10.485872
 44.213352 10.487816
 44.219704 10.486631
 44.220161 10.475714
 44.230808 10.472077
 44.231495 10.462528
 44.230644 10.438784
 44.232635 10.426789
 44.238537 10.417925
 44.244408 10.417628
 44.253136 10.404377
 44.259193 10.392315
 44.266022 10.382596
 44.273033 10.366122
 44.273106 10.338950
 44.276745 10.324450
 44.284832 10.308618
 44.287334 10.298525
 44.281578 10.286006
 44.271774 10.259917
 44.282280 10.240047
 44.290115 10.232602
 44.295238 10.228129
 44.301914 10.213656
 44.308048 10.207733
 44.313511 10.206080
 44.318970 10.197075
 44.320206 10.184907
 44.327484 10.176469
 44.340622 10.164134
 44.352074 10.144641
 44.351044 10.119145
 44.346149 10.099782
 44.354198 10.086096
 44.359440 10.074974
 44.372269 10.053539
 44.375607 10.046600
 44.384907 10.024490
 44.388790 10.017429
 44.396828 10.005619
 44.404175  9.995442
 44.413048  9.989924
 44.420132  9.992675
 44.433872 10.002521
 44.446022 10.003895
 44.454895  9.996930
 44.453793  9.979319
 44.456837  9.972839
 44.464588  9.969791
 44.472237  9.970578
 44.476715  9.959188
 44.477341  9.941420
 44.481815  9.930020
 44.478676  9.918320
 44.475468  9.911414
 44.480335  9.906205
 44.481556  9.897959
 44.478554  9.888642
 44.479385  9.874205
 44.477882  9.839377
 44.472431  9.819269
 44.464310  9.817594
 44.457077  9.813449
 44.451054  9.801064
 44.443409  9.790738
 44.424366  9.777136
 44.406101  9.754870
 44.394005  9.756915
 44.391991  9.742762
 44.385906  9.740922
 44.384274  9.732471
 44.386936  9.720286
 44.385418  9.708478
 44.376049  9.699780
 44.370213  9.683903
 44.368839  9.677835
 44.376297  9.665504
 44.385258  9.661594
 44.397232  9.658437
 44.408764  9.653883
 44.413841  9.646439
 44.417858  9.633375
 44.423721  9.623508
 44.427452  9.616149
 44.428406  9.606606
 44.435162  9.605384
 44.436325  9.594226
 44.430836  9.586060
 44.431950  9.578876
 44.436535  9.574774
 44.436749  9.564331
 44.432545  9.551341
 44.426327  9.546074
 44.425468  9.534283
 44.427658  9.519915
 44.426014  9.497275
 44.421112  9.487411
 44.407604  9.473890
 44.415627  9.469003
 44.420170  9.472110
 44.423996  9.464668
 44.418911  9.456717
 44.418442  9.446920
 44.418724  9.437133
 44.431244  9.438293
 44.436394  9.441069
 44.438190  9.448965
 44.457767  9.463569
 44.469028  9.468160
 44.475834  9.469294
 44.481155  9.467389
 44.484478  9.480001
 44.481583  9.489865
 44.489941  9.492887
 44.499863  9.492881
 44.515259  9.500975
 44.539490  9.503422
 44.548088  9.499229
 44.556435  9.491220
 44.569504  9.488932
 44.564159  9.478065
 44.562065  9.458031
 44.565529  9.453705
 44.570694  9.450374
 44.569904  9.434243
 44.576893  9.424873
 44.580460  9.415796
 44.593628  9.408559
 44.597237  9.399375
 44.596752  9.387715
 44.584347  9.387449
 44.583813  9.377630
 44.582188  9.370283
 44.575275  9.370016
 44.593182  9.332683
 44.589775  9.328532
 44.601460  9.316817
 44.602356  9.306143
 44.604225  9.298812
 44.593086  9.294827
 44.594215  9.266690
 44.596272  9.247100
 44.609474  9.259217
 44.618523  9.245764
 44.618793  9.230997
 44.614536  9.211300
 44.615330  9.200969
 44.635094  9.194558
